time(ms)	collision count
0,001050000	11,000000000
0,001050320	11,000000000
0,001050640	10,000000000
0,001050960	10,000000000
0,001051280	10,000000000
0,001051600	10,000000000
0,001051920	11,000000000
0,001052240	11,000000000
0,001052560	12,000000000
0,001052880	11,000000000
0,001053200	10,000000000
0,001053520	11,000000000
0,001053840	10,000000000
0,001054160	11,000000000
0,001054480	13,000000000
0,001054800	15,000000000
0,001055120	16,000000000
0,001055440	15,000000000
0,001055760	15,000000000
0,001056080	14,000000000
0,001056400	12,000000000
0,001056720	14,000000000
0,001057040	13,000000000
0,001057360	13,000000000
0,001057680	11,000000000
0,001058000	12,000000000
0,001058320	13,000000000
0,001058640	17,000000000
0,001058960	19,000000000
0,001059280	19,000000000
0,001059600	17,000000000
0,001059920	17,000000000
0,001060240	17,000000000
0,001060560	19,000000000
0,001060880	19,000000000
0,001061200	17,000000000
0,001061520	16,000000000
0,001061840	17,000000000
0,001062160	18,000000000
0,001062480	15,000000000
0,001062800	16,000000000
0,001063120	15,000000000
0,001063440	16,000000000
0,001063760	19,000000000
0,001064080	18,000000000
0,001064400	17,000000000
0,001064720	20,000000000
0,001065040	17,000000000
0,001065360	17,000000000
0,001065680	16,000000000
0,001066000	15,000000000
0,001066320	16,000000000
0,001066640	16,000000000
0,001066960	16,000000000
0,001067280	13,000000000
0,001067600	15,000000000
0,001067920	15,000000000
0,001068240	14,000000000
0,001068560	10,000000000
0,001068880	9,000000000
0,001069200	11,000000000
0,001069520	10,000000000
0,001069840	12,000000000
0,001070160	12,000000000
0,001070480	11,000000000
0,001070800	10,000000000
0,001071120	12,000000000
0,001071440	12,000000000
0,001071760	13,000000000
0,001072080	13,000000000
0,001072400	13,000000000
0,001072720	12,000000000
0,001073040	13,000000000
0,001073360	13,000000000
0,001073680	11,000000000
0,001074000	12,000000000
0,001074320	13,000000000
0,001074640	12,000000000
0,001074960	13,000000000
0,001075280	14,000000000
0,001075600	14,000000000
0,001075920	14,000000000
0,001076240	13,000000000
0,001076560	15,000000000
0,001076880	12,000000000
0,001077200	12,000000000
0,001077520	13,000000000
0,001077840	13,000000000
0,001078160	14,000000000
0,001078480	16,000000000
0,001078800	17,000000000
0,001079120	14,000000000
0,001079440	14,000000000
0,001079760	15,000000000
0,001080080	15,000000000
0,001080400	15,000000000
0,001080720	14,000000000
0,001081040	17,000000000
0,001081360	16,000000000
0,001081680	16,000000000
0,001082000	16,000000000
0,001082320	15,000000000
0,001082640	16,000000000
0,001082960	15,000000000
0,001083280	15,000000000
0,001083600	15,000000000
0,001083920	16,000000000
0,001084240	12,000000000
0,001084560	10,000000000
0,001084880	12,000000000
0,001085200	9,000000000
0,001085520	9,000000000
0,001085840	8,000000000
0,001086160	10,000000000
0,001086480	10,000000000
0,001086800	10,000000000
0,001087120	10,000000000
0,001087440	13,000000000
0,001087760	12,000000000
0,001088080	15,000000000
0,001088400	17,000000000
0,001088720	16,000000000
0,001089040	16,000000000
0,001089360	19,000000000
0,001089680	18,000000000
0,001090000	19,000000000
0,001090320	20,000000000
0,001090640	23,000000000
0,001090960	23,000000000
0,001091280	23,000000000
0,001091600	23,000000000
0,001091920	19,000000000
0,001092240	23,000000000
0,001092560	21,000000000
0,001092880	21,000000000
0,001093200	19,000000000
0,001093520	19,000000000
0,001093840	17,000000000
0,001094160	13,000000000
0,001094480	13,000000000
0,001094800	13,000000000
0,001095120	11,000000000
0,001095440	8,000000000
0,001095760	11,000000000
0,001096080	10,000000000
0,001096400	11,000000000
0,001096720	13,000000000
0,001097040	13,000000000
0,001097360	13,000000000
0,001097680	13,000000000
0,001098000	12,000000000
0,001098320	12,000000000
0,001098640	13,000000000
0,001098960	13,000000000
0,001099280	12,000000000
0,001099600	12,000000000
0,001099920	12,000000000
0,001100240	12,000000000
0,001100560	11,000000000
0,001100880	11,000000000
0,001101200	11,000000000
0,001101520	10,000000000
0,001101840	9,000000000
0,001102160	11,000000000
0,001102480	12,000000000
0,001102800	12,000000000
0,001103120	11,000000000
0,001103440	11,000000000
0,001103760	12,000000000
0,001104080	12,000000000
0,001104400	12,000000000
0,001104720	11,000000000
0,001105040	10,000000000
0,001105360	11,000000000
0,001105680	10,000000000
0,001106000	9,000000000
0,001106320	8,000000000
0,001106640	7,000000000
0,001106960	6,000000000
0,001107280	6,000000000
0,001107600	7,000000000
0,001107920	8,000000000
0,001108240	9,000000000
0,001108560	10,000000000
0,001108880	14,000000000
0,001109200	16,000000000
0,001109520	16,000000000
0,001109840	15,000000000
0,001110160	17,000000000
0,001110480	20,000000000
0,001110800	22,000000000
0,001111120	21,000000000
0,001111440	26,000000000
0,001111760	27,000000000
0,001112080	28,000000000
0,001112400	30,000000000
0,001112720	29,000000000
0,001113040	29,000000000
0,001113360	28,000000000
0,001113680	30,000000000
0,001114000	28,000000000
0,001114320	27,000000000
0,001114640	29,000000000
0,001114960	29,000000000
0,001115280	31,000000000
0,001115600	36,000000000
0,001115920	35,000000000
0,001116240	35,000000000
0,001116560	26,000000000
0,001116880	26,000000000
0,001117200	24,000000000
0,001117520	27,000000000
0,001117840	29,000000000
0,001118160	28,000000000
0,001118480	27,000000000
0,001118800	21,000000000
0,001119120	21,000000000
0,001119440	20,000000000
0,001119760	18,000000000
0,001120080	17,000000000
0,001120400	17,000000000
0,001120720	16,000000000
0,001121040	16,000000000
0,001121360	17,000000000
0,001121680	16,000000000
0,001122000	13,000000000
0,001122320	11,000000000
0,001122640	9,000000000
0,001122960	10,000000000
0,001123280	12,000000000
0,001123600	11,000000000
0,001123920	12,000000000
0,001124240	13,000000000
0,001124560	12,000000000
0,001124880	11,000000000
0,001125200	14,000000000
0,001125520	15,000000000
0,001125840	15,000000000
0,001126160	15,000000000
0,001126480	14,000000000
0,001126800	16,000000000
0,001127120	15,000000000
0,001127440	15,000000000
0,001127760	15,000000000
0,001128080	17,000000000
0,001128400	15,000000000
0,001128720	16,000000000
0,001129040	12,000000000
0,001129360	13,000000000
0,001129680	13,000000000
0,001130000	12,000000000
0,001130320	11,000000000
0,001130640	9,000000000
0,001130960	10,000000000
0,001131280	11,000000000
0,001131600	13,000000000
0,001131920	13,000000000
0,001132240	14,000000000
0,001132560	14,000000000
0,001132880	15,000000000
0,001133200	16,000000000
0,001133520	14,000000000
0,001133840	16,000000000
0,001134160	16,000000000
0,001134480	17,000000000
0,001134800	16,000000000
0,001135120	16,000000000
0,001135440	16,000000000
0,001135760	17,000000000
0,001136080	15,000000000
0,001136400	11,000000000
0,001136720	13,000000000
0,001137040	13,000000000
0,001137360	16,000000000
0,001137680	16,000000000
0,001138000	14,000000000
0,001138320	14,000000000
0,001138640	12,000000000
0,001138960	10,000000000
0,001139280	11,000000000
0,001139600	9,000000000
0,001139920	9,000000000
0,001140240	10,000000000
0,001140560	11,000000000
0,001140880	12,000000000
0,001141200	10,000000000
0,001141520	11,000000000
0,001141840	12,000000000
0,001142160	13,000000000
0,001142480	12,000000000
0,001142800	13,000000000
0,001143120	13,000000000
0,001143440	11,000000000
0,001143760	16,000000000
0,001144080	16,000000000
0,001144400	17,000000000
0,001144720	22,000000000
0,001145040	23,000000000
0,001145360	26,000000000
0,001145680	29,000000000
0,001146000	33,000000000
0,001146320	36,000000000
0,001146640	37,000000000
0,001146960	45,000000000
0,001147280	48,000000000
0,001147600	49,000000000
0,001147920	49,000000000
0,001148240	50,000000000
0,001148560	49,000000000
0,001148880	49,000000000
0,001149200	44,000000000
0,001149520	41,000000000
0,001149840	38,000000000
0,001150160	39,000000000
0,001150480	37,000000000
0,001150800	34,000000000
0,001151120	34,000000000
0,001151440	27,000000000
0,001151760	27,000000000
0,001152080	28,000000000
0,001152400	28,000000000
0,001152720	31,000000000
0,001153040	28,000000000
0,001153360	31,000000000
0,001153680	27,000000000
0,001154000	32,000000000
0,001154320	30,000000000
0,001154640	32,000000000
0,001154960	30,000000000
0,001155280	27,000000000
0,001155600	26,000000000
0,001155920	24,000000000
0,001156240	23,000000000
0,001156560	18,000000000
0,001156880	20,000000000
0,001157200	17,000000000
0,001157520	17,000000000
0,001157840	17,000000000
0,001158160	15,000000000
0,001158480	14,000000000
0,001158800	15,000000000
0,001159120	19,000000000
0,001159440	17,000000000
0,001159760	17,000000000
0,001160080	18,000000000
0,001160400	16,000000000
0,001160720	15,000000000
0,001161040	17,000000000
0,001161360	18,000000000
0,001161680	15,000000000
0,001162000	15,000000000
0,001162320	13,000000000
0,001162640	13,000000000
0,001162960	13,000000000
0,001163280	9,000000000
0,001163600	12,000000000
0,001163920	12,000000000
0,001164240	11,000000000
0,001164560	11,000000000
0,001164880	12,000000000
0,001165200	13,000000000
0,001165520	12,000000000
0,001165840	12,000000000
0,001166160	12,000000000
0,001166480	14,000000000
0,001166800	14,000000000
0,001167120	14,000000000
0,001167440	13,000000000
0,001167760	13,000000000
0,001168080	12,000000000
0,001168400	14,000000000
0,001168720	16,000000000
0,001169040	15,000000000
0,001169360	14,000000000
0,001169680	14,000000000
0,001170000	12,000000000
0,001170320	12,000000000
0,001170640	13,000000000
0,001170960	14,000000000
0,001171280	14,000000000
0,001171600	14,000000000
0,001171920	14,000000000
0,001172240	12,000000000
0,001172560	12,000000000
0,001172880	14,000000000
0,001173200	14,000000000
0,001173520	16,000000000
0,001173840	18,000000000
0,001174160	19,000000000
0,001174480	19,000000000
0,001174800	22,000000000
0,001175120	24,000000000
0,001175440	23,000000000
0,001175760	22,000000000
0,001176080	22,000000000
0,001176400	24,000000000
0,001176720	19,000000000
0,001177040	24,000000000
0,001177360	25,000000000
0,001177680	25,000000000
0,001178000	26,000000000
0,001178320	24,000000000
0,001178640	30,000000000
0,001178960	35,000000000
0,001179280	37,000000000
0,001179600	41,000000000
0,001179920	45,000000000
0,001180240	47,000000000
0,001180560	51,000000000
0,001180880	54,000000000
0,001181200	59,000000000
0,001181520	61,000000000
0,001181840	66,000000000
0,001182160	64,000000000
0,001182480	66,000000000
0,001182800	69,000000000
0,001183120	67,000000000
0,001183440	60,000000000
0,001183760	56,000000000
0,001184080	47,000000000
0,001184400	45,000000000
0,001184720	41,000000000
0,001185040	41,000000000
0,001185360	38,000000000
0,001185680	40,000000000
0,001186000	40,000000000
0,001186320	37,000000000
0,001186640	37,000000000
0,001186960	38,000000000
0,001187280	37,000000000
0,001187600	39,000000000
0,001187920	36,000000000
0,001188240	34,000000000
0,001188560	28,000000000
0,001188880	30,000000000
0,001189200	29,000000000
0,001189520	27,000000000
0,001189840	25,000000000
0,001190160	20,000000000
0,001190480	20,000000000
0,001190800	19,000000000
0,001191120	20,000000000
0,001191440	18,000000000
0,001191760	20,000000000
0,001192080	17,000000000
0,001192400	18,000000000
0,001192720	18,000000000
0,001193040	15,000000000
0,001193360	13,000000000
0,001193680	11,000000000
0,001194000	10,000000000
0,001194320	11,000000000
0,001194640	9,000000000
0,001194960	10,000000000
0,001195280	9,000000000
0,001195600	10,000000000
0,001195920	10,000000000
0,001196240	9,000000000
0,001196560	10,000000000
0,001196880	12,000000000
0,001197200	12,000000000
0,001197520	12,000000000
0,001197840	11,000000000
0,001198160	12,000000000
0,001198480	16,000000000
0,001198800	15,000000000
0,001199120	15,000000000
0,001199440	17,000000000
0,001199760	17,000000000
0,001200080	18,000000000
0,001200400	15,000000000
0,001200720	15,000000000
0,001201040	16,000000000
0,001201360	16,000000000
0,001201680	14,000000000
0,001202000	14,000000000
0,001202320	12,000000000
0,001202640	13,000000000
0,001202960	14,000000000
0,001203280	15,000000000
0,001203600	12,000000000
0,001203920	14,000000000
0,001204240	13,000000000
0,001204560	15,000000000
0,001204880	14,000000000
0,001205200	15,000000000
0,001205520	14,000000000
0,001205840	14,000000000
0,001206160	14,000000000
0,001206480	15,000000000
0,001206800	17,000000000
0,001207120	16,000000000
0,001207440	15,000000000
0,001207760	16,000000000
0,001208080	16,000000000
0,001208400	16,000000000
0,001208720	13,000000000
0,001209040	15,000000000
0,001209360	12,000000000
0,001209680	12,000000000
0,001210000	12,000000000
0,001210320	13,000000000
0,001210640	14,000000000
0,001210960	14,000000000
0,001211280	14,000000000
0,001211600	14,000000000
0,001211920	14,000000000
0,001212240	15,000000000
0,001212560	16,000000000
0,001212880	15,000000000
0,001213200	15,000000000
0,001213520	14,000000000
0,001213840	16,000000000
0,001214160	13,000000000
0,001214480	15,000000000
0,001214800	15,000000000
0,001215120	15,000000000
0,001215440	12,000000000
0,001215760	15,000000000
0,001216080	14,000000000
0,001216400	13,000000000
0,001216720	10,000000000
0,001217040	12,000000000
0,001217360	11,000000000
0,001217680	11,000000000
0,001218000	13,000000000
0,001218320	14,000000000
0,001218640	13,000000000
0,001218960	15,000000000
0,001219280	15,000000000
0,001219600	12,000000000
0,001219920	10,000000000
0,001220240	13,000000000
0,001220560	12,000000000
0,001220880	10,000000000
0,001221200	10,000000000
0,001221520	12,000000000
0,001221840	10,000000000
0,001222160	11,000000000
0,001222480	14,000000000
0,001222800	14,000000000
0,001223120	14,000000000
0,001223440	15,000000000
0,001223760	14,000000000
0,001224080	12,000000000
0,001224400	14,000000000
0,001224720	13,000000000
0,001225040	13,000000000
0,001225360	12,000000000
0,001225680	10,000000000
0,001226000	11,000000000
0,001226320	11,000000000
0,001226640	11,000000000
0,001226960	12,000000000
0,001227280	13,000000000
0,001227600	14,000000000
0,001227920	14,000000000
0,001228240	14,000000000
0,001228560	14,000000000
0,001228880	15,000000000
0,001229200	14,000000000
0,001229520	13,000000000
0,001229840	11,000000000
0,001230160	13,000000000
0,001230480	12,000000000
0,001230800	12,000000000
0,001231120	13,000000000
0,001231440	12,000000000
0,001231760	11,000000000
0,001232080	12,000000000
0,001232400	13,000000000
0,001232720	12,000000000
0,001233040	13,000000000
0,001233360	12,000000000
0,001233680	14,000000000
0,001234000	12,000000000
0,001234320	12,000000000
0,001234640	12,000000000
0,001234960	9,000000000
0,001235280	11,000000000
0,001235600	11,000000000
0,001235920	10,000000000
0,001236240	6,000000000
0,001236560	4,000000000
0,001236880	4,000000000
0,001237200	5,000000000
0,001237520	6,000000000
0,001237840	7,000000000
0,001238160	6,000000000
0,001238480	6,000000000
0,001238800	5,000000000
0,001239120	5,000000000
0,001239440	5,000000000
0,001239760	8,000000000
0,001240080	12,000000000
0,001240400	11,000000000
0,001240720	13,000000000
0,001241040	13,000000000
0,001241360	16,000000000
0,001241680	15,000000000
0,001242000	19,000000000
0,001242320	19,000000000
0,001242640	18,000000000
0,001242960	18,000000000
0,001243280	18,000000000
0,001243600	22,000000000
0,001243920	18,000000000
0,001244240	19,000000000
0,001244560	16,000000000
0,001244880	16,000000000
0,001245200	17,000000000
0,001245520	17,000000000
0,001245840	18,000000000
0,001246160	17,000000000
0,001246480	19,000000000
0,001246800	18,000000000
0,001247120	16,000000000
0,001247440	16,000000000
0,001247760	14,000000000
0,001248080	12,000000000
0,001248400	12,000000000
0,001248720	12,000000000
0,001249040	9,000000000
0,001249360	12,000000000
0,001249680	11,000000000
0,001250000	12,000000000
0,001250320	13,000000000
0,001250640	14,000000000
0,001250960	13,000000000
0,001251280	13,000000000
0,001251600	14,000000000
0,001251920	13,000000000
0,001252240	13,000000000
0,001252560	14,000000000
0,001252880	16,000000000
0,001253200	15,000000000
0,001253520	16,000000000
0,001253840	16,000000000
0,001254160	15,000000000
0,001254480	15,000000000
0,001254800	14,000000000
0,001255120	12,000000000
0,001255440	13,000000000
0,001255760	16,000000000
0,001256080	14,000000000
0,001256400	13,000000000
0,001256720	12,000000000
0,001257040	12,000000000
0,001257360	12,000000000
0,001257680	15,000000000
0,001258000	15,000000000
0,001258320	16,000000000
0,001258640	18,000000000
0,001258960	19,000000000
0,001259280	21,000000000
0,001259600	20,000000000
0,001259920	22,000000000
0,001260240	22,000000000
0,001260560	21,000000000
0,001260880	22,000000000
0,001261200	20,000000000
0,001261520	20,000000000
0,001261840	19,000000000
0,001262160	19,000000000
0,001262480	17,000000000
0,001262800	18,000000000
0,001263120	15,000000000
0,001263440	14,000000000
0,001263760	15,000000000
0,001264080	14,000000000
0,001264400	13,000000000
0,001264720	10,000000000
0,001265040	9,000000000
0,001265360	12,000000000
0,001265680	12,000000000
0,001266000	17,000000000
0,001266320	15,000000000
0,001266640	18,000000000
0,001266960	17,000000000
0,001267280	17,000000000
0,001267600	17,000000000
0,001267920	17,000000000
0,001268240	15,000000000
0,001268560	14,000000000
0,001268880	15,000000000
0,001269200	14,000000000
0,001269520	15,000000000
0,001269840	13,000000000
0,001270160	14,000000000
0,001270480	12,000000000
0,001270800	13,000000000
0,001271120	10,000000000
0,001271440	10,000000000
0,001271760	11,000000000
0,001272080	11,000000000
0,001272400	14,000000000
0,001272720	14,000000000
0,001273040	13,000000000
0,001273360	18,000000000
0,001273680	18,000000000
0,001274000	17,000000000
0,001274320	18,000000000
0,001274640	16,000000000
0,001274960	16,000000000
0,001275280	18,000000000
0,001275600	18,000000000
0,001275920	20,000000000
0,001276240	18,000000000
0,001276560	19,000000000
0,001276880	20,000000000
0,001277200	20,000000000
0,001277520	19,000000000
0,001277840	16,000000000
0,001278160	13,000000000
0,001278480	11,000000000
0,001278800	13,000000000
0,001279120	12,000000000
0,001279440	11,000000000
0,001279760	12,000000000
0,001280080	14,000000000
0,001280400	14,000000000
0,001280720	14,000000000
0,001281040	13,000000000
0,001281360	15,000000000
0,001281680	17,000000000
0,001282000	22,000000000
0,001282320	19,000000000
0,001282640	17,000000000
0,001282960	14,000000000
0,001283280	15,000000000
0,001283600	15,000000000
0,001283920	14,000000000
0,001284240	15,000000000
0,001284560	16,000000000
0,001284880	16,000000000
0,001285200	16,000000000
0,001285520	17,000000000
0,001285840	18,000000000
0,001286160	15,000000000
0,001286480	15,000000000
0,001286800	15,000000000
0,001287120	17,000000000
0,001287440	18,000000000
0,001287760	17,000000000
0,001288080	16,000000000
0,001288400	15,000000000
0,001288720	17,000000000
0,001289040	16,000000000
0,001289360	16,000000000
0,001289680	16,000000000
0,001290000	15,000000000
0,001290320	15,000000000
0,001290640	15,000000000
0,001290960	15,000000000
0,001291280	18,000000000
0,001291600	18,000000000
0,001291920	11,000000000
0,001292240	11,000000000
0,001292560	13,000000000
0,001292880	9,000000000
0,001293200	11,000000000
0,001293520	11,000000000
0,001293840	11,000000000
0,001294160	9,000000000
0,001294480	10,000000000
0,001294800	11,000000000
0,001295120	11,000000000
0,001295440	12,000000000
0,001295760	12,000000000
0,001296080	11,000000000
0,001296400	11,000000000
0,001296720	10,000000000
0,001297040	10,000000000
0,001297360	10,000000000
0,001297680	12,000000000
0,001298000	14,000000000
0,001298320	14,000000000
0,001298640	15,000000000
0,001298960	16,000000000
0,001299280	17,000000000
0,001299600	16,000000000
0,001299920	15,000000000
0,001300240	17,000000000
0,001300560	19,000000000
0,001300880	20,000000000
0,001301200	17,000000000
0,001301520	17,000000000
0,001301840	15,000000000
0,001302160	15,000000000
0,001302480	15,000000000
0,001302800	14,000000000
0,001303120	15,000000000
0,001303440	14,000000000
0,001303760	13,000000000
0,001304080	12,000000000
0,001304400	13,000000000
0,001304720	17,000000000
0,001305040	17,000000000
0,001305360	16,000000000
0,001305680	14,000000000
0,001306000	16,000000000
0,001306320	17,000000000
0,001306640	19,000000000
0,001306960	17,000000000
0,001307280	18,000000000
0,001307600	18,000000000
0,001307920	20,000000000
0,001308240	19,000000000
0,001308560	17,000000000
0,001308880	17,000000000
0,001309200	15,000000000
0,001309520	15,000000000
0,001309840	15,000000000
0,001310160	15,000000000
0,001310480	18,000000000
0,001310800	17,000000000
0,001311120	17,000000000
0,001311440	18,000000000
0,001311760	19,000000000
0,001312080	21,000000000
0,001312400	19,000000000
0,001312720	19,000000000
0,001313040	19,000000000
0,001313360	20,000000000
0,001313680	16,000000000
0,001314000	20,000000000
0,001314320	22,000000000
0,001314640	21,000000000
0,001314960	21,000000000
0,001315280	21,000000000
0,001315600	17,000000000
0,001315920	18,000000000
0,001316240	16,000000000
0,001316560	19,000000000
0,001316880	15,000000000
0,001317200	14,000000000
0,001317520	17,000000000
0,001317840	17,000000000
0,001318160	19,000000000
0,001318480	19,000000000
0,001318800	19,000000000
0,001319120	19,000000000
0,001319440	19,000000000
0,001319760	20,000000000
0,001320080	21,000000000
0,001320400	20,000000000
0,001320720	17,000000000
0,001321040	13,000000000
0,001321360	10,000000000
0,001321680	9,000000000
0,001322000	9,000000000
0,001322320	7,000000000
0,001322640	8,000000000
0,001322960	8,000000000
0,001323280	8,000000000
0,001323600	8,000000000
0,001323920	11,000000000
0,001324240	11,000000000
0,001324560	13,000000000
0,001324880	15,000000000
0,001325200	16,000000000
0,001325520	17,000000000
0,001325840	17,000000000
0,001326160	17,000000000
0,001326480	13,000000000
0,001326800	14,000000000
0,001327120	13,000000000
0,001327440	14,000000000
0,001327760	12,000000000
0,001328080	9,000000000
0,001328400	9,000000000
0,001328720	8,000000000
0,001329040	8,000000000
0,001329360	5,000000000
0,001329680	4,000000000
0,001330000	6,000000000
0,001330320	6,000000000
0,001330640	6,000000000
0,001330960	5,000000000
0,001331280	6,000000000
0,001331600	10,000000000
0,001331920	10,000000000
0,001332240	12,000000000
0,001332560	11,000000000
0,001332880	9,000000000
0,001333200	10,000000000
0,001333520	9,000000000
0,001333840	8,000000000
0,001334160	10,000000000
0,001334480	11,000000000
0,001334800	12,000000000
0,001335120	13,000000000
0,001335440	12,000000000
0,001335760	10,000000000
0,001336080	11,000000000
0,001336400	11,000000000
0,001336720	10,000000000
0,001337040	10,000000000
0,001337360	10,000000000
0,001337680	14,000000000
0,001338000	12,000000000
0,001338320	13,000000000
0,001338640	13,000000000
0,001338960	11,000000000
0,001339280	10,000000000
0,001339600	8,000000000
0,001339920	8,000000000
0,001340240	8,000000000
0,001340560	6,000000000
0,001340880	6,000000000
0,001341200	8,000000000
0,001341520	9,000000000
0,001341840	8,000000000
0,001342160	8,000000000
0,001342480	10,000000000
0,001342800	12,000000000
0,001343120	13,000000000
0,001343440	13,000000000
0,001343760	12,000000000
0,001344080	12,000000000
0,001344400	10,000000000
0,001344720	10,000000000
0,001345040	11,000000000
0,001345360	11,000000000
0,001345680	11,000000000
0,001346000	11,000000000
0,001346320	10,000000000
0,001346640	13,000000000
0,001346960	14,000000000
0,001347280	14,000000000
0,001347600	15,000000000
0,001347920	16,000000000
0,001348240	17,000000000
0,001348560	18,000000000
0,001348880	20,000000000
0,001349200	19,000000000
0,001349520	20,000000000
0,001349840	20,000000000
0,001350160	18,000000000
0,001350480	19,000000000
0,001350800	19,000000000
0,001351120	18,000000000
0,001351440	19,000000000
0,001351760	18,000000000
0,001352080	18,000000000
0,001352400	19,000000000
0,001352720	18,000000000
0,001353040	15,000000000
0,001353360	14,000000000
0,001353680	14,000000000
0,001354000	15,000000000
0,001354320	13,000000000
0,001354640	14,000000000
0,001354960	13,000000000
0,001355280	12,000000000
0,001355600	12,000000000
0,001355920	11,000000000
0,001356240	11,000000000
0,001356560	11,000000000
0,001356880	12,000000000
0,001357200	11,000000000
0,001357520	12,000000000
0,001357840	12,000000000
0,001358160	13,000000000
0,001358480	12,000000000
0,001358800	11,000000000
0,001359120	12,000000000
0,001359440	10,000000000
0,001359760	6,000000000
0,001360080	6,000000000
0,001360400	6,000000000
0,001360720	7,000000000
0,001361040	8,000000000
0,001361360	6,000000000
0,001361680	6,000000000
0,001362000	6,000000000
0,001362320	6,000000000
0,001362640	6,000000000
0,001362960	7,000000000
0,001363280	6,000000000
0,001363600	8,000000000
0,001363920	8,000000000
0,001364240	10,000000000
0,001364560	8,000000000
0,001364880	10,000000000
0,001365200	10,000000000
0,001365520	10,000000000
0,001365840	12,000000000
0,001366160	11,000000000
0,001366480	9,000000000
0,001366800	9,000000000
0,001367120	13,000000000
0,001367440	13,000000000
0,001367760	13,000000000
0,001368080	14,000000000
0,001368400	13,000000000
0,001368720	13,000000000
0,001369040	12,000000000
0,001369360	11,000000000
0,001369680	13,000000000
0,001370000	12,000000000
0,001370320	14,000000000
0,001370640	12,000000000
0,001370960	13,000000000
0,001371280	15,000000000
0,001371600	16,000000000
0,001371920	18,000000000
0,001372240	17,000000000
0,001372560	21,000000000
0,001372880	22,000000000
0,001373200	22,000000000
0,001373520	19,000000000
0,001373840	19,000000000
0,001374160	18,000000000
0,001374480	17,000000000
0,001374800	18,000000000
0,001375120	18,000000000
0,001375440	17,000000000
0,001375760	18,000000000
0,001376080	18,000000000
0,001376400	18,000000000
0,001376720	20,000000000
0,001377040	17,000000000
0,001377360	17,000000000
0,001377680	9,000000000
0,001378000	9,000000000
0,001378320	10,000000000
0,001378640	7,000000000
0,001378960	9,000000000
0,001379280	11,000000000
0,001379600	11,000000000
0,001379920	11,000000000
0,001380240	11,000000000
0,001380560	11,000000000
0,001380880	10,000000000
0,001381200	11,000000000
0,001381520	11,000000000
0,001381840	11,000000000
0,001382160	12,000000000
0,001382480	13,000000000
0,001382800	12,000000000
0,001383120	12,000000000
0,001383440	15,000000000
0,001383760	17,000000000
0,001384080	17,000000000
0,001384400	15,000000000
0,001384720	15,000000000
0,001385040	16,000000000
0,001385360	17,000000000
0,001385680	18,000000000
0,001386000	18,000000000
0,001386320	22,000000000
0,001386640	22,000000000
0,001386960	24,000000000
0,001387280	26,000000000
0,001387600	27,000000000
0,001387920	27,000000000
0,001388240	29,000000000
0,001388560	29,000000000
0,001388880	27,000000000
0,001389200	26,000000000
0,001389520	24,000000000
0,001389840	20,000000000
0,001390160	16,000000000
0,001390480	14,000000000
0,001390800	12,000000000
0,001391120	11,000000000
0,001391440	9,000000000
0,001391760	11,000000000
0,001392080	11,000000000
0,001392400	9,000000000
0,001392720	12,000000000
0,001393040	14,000000000
0,001393360	13,000000000
0,001393680	8,000000000
0,001394000	9,000000000
0,001394320	9,000000000
0,001394640	10,000000000
0,001394960	11,000000000
0,001395280	11,000000000
0,001395600	12,000000000
0,001395920	13,000000000
0,001396240	14,000000000
0,001396560	14,000000000
0,001396880	16,000000000
0,001397200	17,000000000
0,001397520	16,000000000
0,001397840	15,000000000
0,001398160	15,000000000
0,001398480	16,000000000
0,001398800	16,000000000
0,001399120	14,000000000
0,001399440	15,000000000
0,001399760	13,000000000
0,001400080	10,000000000
0,001400400	11,000000000
0,001400720	12,000000000
0,001401040	11,000000000
0,001401360	11,000000000
0,001401680	9,000000000
0,001402000	9,000000000
0,001402320	13,000000000
0,001402640	17,000000000
0,001402960	17,000000000
0,001403280	16,000000000
0,001403600	17,000000000
0,001403920	17,000000000
0,001404240	17,000000000
0,001404560	13,000000000
0,001404880	14,000000000
0,001405200	10,000000000
0,001405520	10,000000000
0,001405840	12,000000000
0,001406160	11,000000000
0,001406480	12,000000000
0,001406800	13,000000000
0,001407120	13,000000000
0,001407440	13,000000000
0,001407760	13,000000000
0,001408080	15,000000000
0,001408400	16,000000000
0,001408720	17,000000000
0,001409040	13,000000000
0,001409360	15,000000000
0,001409680	15,000000000
0,001410000	15,000000000
0,001410320	15,000000000
0,001410640	12,000000000
0,001410960	12,000000000
0,001411280	11,000000000
0,001411600	11,000000000
0,001411920	11,000000000
0,001412240	9,000000000
0,001412560	8,000000000
0,001412880	9,000000000
0,001413200	6,000000000
0,001413520	7,000000000
0,001413840	7,000000000
0,001414160	7,000000000
0,001414480	8,000000000
0,001414800	6,000000000
0,001415120	3,000000000
0,001415440	4,000000000
0,001415760	6,000000000
0,001416080	5,000000000
0,001416400	7,000000000
0,001416720	10,000000000
0,001417040	11,000000000
0,001417360	12,000000000
0,001417680	11,000000000
0,001418000	13,000000000
0,001418320	15,000000000
0,001418640	16,000000000
0,001418960	14,000000000
0,001419280	15,000000000
0,001419600	15,000000000
0,001419920	16,000000000
0,001420240	14,000000000
0,001420560	13,000000000
0,001420880	11,000000000
0,001421200	10,000000000
0,001421520	10,000000000
0,001421840	12,000000000
0,001422160	10,000000000
0,001422480	13,000000000
0,001422800	13,000000000
0,001423120	11,000000000
0,001423440	12,000000000
0,001423760	11,000000000
0,001424080	11,000000000
0,001424400	10,000000000
0,001424720	12,000000000
0,001425040	13,000000000
0,001425360	16,000000000
0,001425680	15,000000000
0,001426000	14,000000000
0,001426320	16,000000000
0,001426640	14,000000000
0,001426960	14,000000000
0,001427280	13,000000000
0,001427600	12,000000000
0,001427920	12,000000000
0,001428240	12,000000000
0,001428560	14,000000000
0,001428880	14,000000000
0,001429200	15,000000000
0,001429520	14,000000000
0,001429840	15,000000000
0,001430160	15,000000000
0,001430480	16,000000000
0,001430800	15,000000000
0,001431120	15,000000000
0,001431440	14,000000000
0,001431760	13,000000000
0,001432080	16,000000000
0,001432400	14,000000000
0,001432720	14,000000000
0,001433040	14,000000000
0,001433360	14,000000000
0,001433680	13,000000000
0,001434000	12,000000000
0,001434320	12,000000000
0,001434640	13,000000000
0,001434960	12,000000000
0,001435280	13,000000000
0,001435600	13,000000000
0,001435920	13,000000000
0,001436240	13,000000000
0,001436560	14,000000000
0,001436880	13,000000000
0,001437200	12,000000000
0,001437520	11,000000000
0,001437840	12,000000000
0,001438160	12,000000000
0,001438480	13,000000000
0,001438800	11,000000000
0,001439120	11,000000000
0,001439440	13,000000000
0,001439760	16,000000000
0,001440080	16,000000000
0,001440400	16,000000000
0,001440720	15,000000000
0,001441040	18,000000000
0,001441360	21,000000000
0,001441680	21,000000000
0,001442000	22,000000000
0,001442320	24,000000000
0,001442640	23,000000000
0,001442960	19,000000000
0,001443280	20,000000000
0,001443600	17,000000000
0,001443920	19,000000000
0,001444240	15,000000000
0,001444560	15,000000000
0,001444880	15,000000000
0,001445200	15,000000000
0,001445520	15,000000000
0,001445840	15,000000000
0,001446160	15,000000000
0,001446480	17,000000000
0,001446800	18,000000000
0,001447120	18,000000000
0,001447440	17,000000000
0,001447760	17,000000000
0,001448080	17,000000000
0,001448400	19,000000000
0,001448720	15,000000000
0,001449040	20,000000000
0,001449360	20,000000000
0,001449680	20,000000000
0,001450000	19,000000000
0,001450320	18,000000000
0,001450640	17,000000000
0,001450960	16,000000000
0,001451280	18,000000000
0,001451600	17,000000000
0,001451920	18,000000000
0,001452240	16,000000000
0,001452560	15,000000000
0,001452880	16,000000000
0,001453200	14,000000000
0,001453520	13,000000000
0,001453840	15,000000000
0,001454160	16,000000000
0,001454480	17,000000000
0,001454800	15,000000000
0,001455120	15,000000000
0,001455440	14,000000000
0,001455760	13,000000000
0,001456080	16,000000000
0,001456400	17,000000000
0,001456720	18,000000000
0,001457040	17,000000000
0,001457360	18,000000000
0,001457680	15,000000000
0,001458000	15,000000000
0,001458320	15,000000000
0,001458640	15,000000000
0,001458960	14,000000000
0,001459280	15,000000000
0,001459600	14,000000000
0,001459920	13,000000000
0,001460240	13,000000000
0,001460560	16,000000000
0,001460880	18,000000000
0,001461200	17,000000000
0,001461520	17,000000000
0,001461840	18,000000000
0,001462160	18,000000000
0,001462480	16,000000000
0,001462800	15,000000000
0,001463120	15,000000000
0,001463440	15,000000000
0,001463760	15,000000000
0,001464080	14,000000000
0,001464400	14,000000000
0,001464720	13,000000000
0,001465040	14,000000000
0,001465360	14,000000000
0,001465680	12,000000000
0,001466000	10,000000000
0,001466320	8,000000000
0,001466640	9,000000000
0,001466960	11,000000000
0,001467280	11,000000000
0,001467600	10,000000000
0,001467920	11,000000000
0,001468240	10,000000000
0,001468560	9,000000000
0,001468880	11,000000000
0,001469200	11,000000000
0,001469520	10,000000000
0,001469840	13,000000000
0,001470160	15,000000000
0,001470480	15,000000000
0,001470800	14,000000000
0,001471120	14,000000000
0,001471440	16,000000000
0,001471760	15,000000000
0,001472080	15,000000000
0,001472400	13,000000000
0,001472720	14,000000000
0,001473040	15,000000000
0,001473360	15,000000000
0,001473680	14,000000000
0,001474000	15,000000000
0,001474320	15,000000000
0,001474640	15,000000000
0,001474960	14,000000000
0,001475280	14,000000000
0,001475600	14,000000000
0,001475920	13,000000000
0,001476240	11,000000000
0,001476560	13,000000000
0,001476880	13,000000000
0,001477200	12,000000000
0,001477520	11,000000000
0,001477840	9,000000000
0,001478160	10,000000000
0,001478480	8,000000000
0,001478800	9,000000000
0,001479120	10,000000000
0,001479440	11,000000000
0,001479760	12,000000000
0,001480080	13,000000000
0,001480400	16,000000000
0,001480720	19,000000000
0,001481040	20,000000000
0,001481360	19,000000000
0,001481680	17,000000000
0,001482000	14,000000000
0,001482320	14,000000000
0,001482640	12,000000000
0,001482960	13,000000000
0,001483280	14,000000000
0,001483600	17,000000000
0,001483920	18,000000000
0,001484240	16,000000000
0,001484560	20,000000000
0,001484880	19,000000000
0,001485200	18,000000000
0,001485520	19,000000000
0,001485840	19,000000000
0,001486160	17,000000000
0,001486480	18,000000000
0,001486800	15,000000000
0,001487120	17,000000000
0,001487440	18,000000000
0,001487760	18,000000000
0,001488080	14,000000000
0,001488400	14,000000000
0,001488720	13,000000000
0,001489040	13,000000000
0,001489360	16,000000000
0,001489680	15,000000000
0,001490000	19,000000000
0,001490320	18,000000000
0,001490640	20,000000000
0,001490960	19,000000000
0,001491280	21,000000000
0,001491600	22,000000000
0,001491920	22,000000000
0,001492240	21,000000000
0,001492560	20,000000000
0,001492880	20,000000000
0,001493200	21,000000000
0,001493520	20,000000000
0,001493840	19,000000000
0,001494160	23,000000000
0,001494480	23,000000000
0,001494800	25,000000000
0,001495120	22,000000000
0,001495440	19,000000000
0,001495760	17,000000000
0,001496080	19,000000000
0,001496400	22,000000000
0,001496720	21,000000000
0,001497040	23,000000000
0,001497360	22,000000000
0,001497680	19,000000000
0,001498000	20,000000000
0,001498320	20,000000000
0,001498640	21,000000000
0,001498960	20,000000000
0,001499280	20,000000000
0,001499600	22,000000000
0,001499920	21,000000000
0,001500240	23,000000000
0,001500560	23,000000000
0,001500880	18,000000000
0,001501200	17,000000000
0,001501520	21,000000000
0,001501840	21,000000000
0,001502160	22,000000000
0,001502480	21,000000000
0,001502800	21,000000000
0,001503120	21,000000000
0,001503440	20,000000000
0,001503760	21,000000000
0,001504080	24,000000000
0,001504400	20,000000000
0,001504720	22,000000000
0,001505040	21,000000000
0,001505360	18,000000000
0,001505680	18,000000000
0,001506000	19,000000000
0,001506320	22,000000000
0,001506640	22,000000000
0,001506960	21,000000000
0,001507280	21,000000000
0,001507600	21,000000000
0,001507920	22,000000000
0,001508240	22,000000000
0,001508560	22,000000000
0,001508880	21,000000000
0,001509200	22,000000000
0,001509520	24,000000000
0,001509840	26,000000000
0,001510160	27,000000000
0,001510480	24,000000000
0,001510800	23,000000000
0,001511120	21,000000000
0,001511440	20,000000000
0,001511760	19,000000000
0,001512080	19,000000000
0,001512400	18,000000000
0,001512720	17,000000000
0,001513040	16,000000000
0,001513360	17,000000000
0,001513680	15,000000000
0,001514000	13,000000000
0,001514320	14,000000000
0,001514640	11,000000000
0,001514960	9,000000000
0,001515280	13,000000000
0,001515600	13,000000000
0,001515920	14,000000000
0,001516240	15,000000000
0,001516560	15,000000000
0,001516880	15,000000000
0,001517200	13,000000000
0,001517520	16,000000000
0,001517840	16,000000000
0,001518160	16,000000000
0,001518480	15,000000000
0,001518800	16,000000000
0,001519120	16,000000000
0,001519440	18,000000000
0,001519760	19,000000000
0,001520080	18,000000000
0,001520400	18,000000000
0,001520720	16,000000000
0,001521040	14,000000000
0,001521360	13,000000000
0,001521680	13,000000000
0,001522000	12,000000000
0,001522320	12,000000000
0,001522640	9,000000000
0,001522960	7,000000000
0,001523280	8,000000000
0,001523600	8,000000000
0,001523920	8,000000000
0,001524240	10,000000000
0,001524560	9,000000000
0,001524880	9,000000000
0,001525200	8,000000000
0,001525520	7,000000000
0,001525840	6,000000000
0,001526160	8,000000000
0,001526480	10,000000000
0,001526800	13,000000000
0,001527120	13,000000000
0,001527440	15,000000000
0,001527760	17,000000000
0,001528080	17,000000000
0,001528400	19,000000000
0,001528720	19,000000000
0,001529040	17,000000000
0,001529360	14,000000000
0,001529680	12,000000000
0,001530000	14,000000000
0,001530320	13,000000000
0,001530640	14,000000000
0,001530960	14,000000000
0,001531280	13,000000000
0,001531600	12,000000000
0,001531920	11,000000000
0,001532240	9,000000000
0,001532560	9,000000000
0,001532880	9,000000000
0,001533200	11,000000000
0,001533520	10,000000000
0,001533840	9,000000000
0,001534160	13,000000000
0,001534480	12,000000000
0,001534800	14,000000000
0,001535120	14,000000000
0,001535440	15,000000000
0,001535760	16,000000000
0,001536080	18,000000000
0,001536400	19,000000000
0,001536720	18,000000000
0,001537040	20,000000000
0,001537360	21,000000000
0,001537680	23,000000000
0,001538000	23,000000000
0,001538320	22,000000000
0,001538640	18,000000000
0,001538960	19,000000000
0,001539280	19,000000000
0,001539600	22,000000000
0,001539920	18,000000000
0,001540240	18,000000000
0,001540560	19,000000000
0,001540880	17,000000000
0,001541200	17,000000000
0,001541520	18,000000000
0,001541840	18,000000000
0,001542160	14,000000000
0,001542480	14,000000000
0,001542800	13,000000000
0,001543120	11,000000000
0,001543440	10,000000000
0,001543760	12,000000000
0,001544080	12,000000000
0,001544400	13,000000000
0,001544720	13,000000000
0,001545040	13,000000000
0,001545360	12,000000000
0,001545680	12,000000000
0,001546000	12,000000000
0,001546320	14,000000000
0,001546640	15,000000000
0,001546960	17,000000000
0,001547280	18,000000000
0,001547600	18,000000000
0,001547920	18,000000000
0,001548240	16,000000000
0,001548560	16,000000000
0,001548880	14,000000000
0,001549200	15,000000000
0,001549520	14,000000000
0,001549840	15,000000000
0,001550160	14,000000000
0,001550480	12,000000000
0,001550800	12,000000000
0,001551120	10,000000000
0,001551440	13,000000000
0,001551760	15,000000000
0,001552080	14,000000000
0,001552400	13,000000000
0,001552720	14,000000000
0,001553040	13,000000000
0,001553360	17,000000000
0,001553680	19,000000000
0,001554000	18,000000000
0,001554320	22,000000000
0,001554640	20,000000000
0,001554960	20,000000000
0,001555280	19,000000000
0,001555600	20,000000000
0,001555920	18,000000000
0,001556240	18,000000000
0,001556560	19,000000000
0,001556880	19,000000000
0,001557200	17,000000000
0,001557520	14,000000000
0,001557840	16,000000000
0,001558160	15,000000000
0,001558480	15,000000000
0,001558800	18,000000000
0,001559120	18,000000000
0,001559440	17,000000000
0,001559760	19,000000000
0,001560080	19,000000000
0,001560400	18,000000000
0,001560720	16,000000000
0,001561040	18,000000000
0,001561360	20,000000000
0,001561680	20,000000000
0,001562000	19,000000000
0,001562320	18,000000000
0,001562640	17,000000000
0,001562960	18,000000000
0,001563280	16,000000000
0,001563600	15,000000000
0,001563920	13,000000000
0,001564240	13,000000000
0,001564560	14,000000000
0,001564880	15,000000000
0,001565200	14,000000000
0,001565520	16,000000000
0,001565840	17,000000000
0,001566160	17,000000000
0,001566480	16,000000000
0,001566800	17,000000000
0,001567120	17,000000000
0,001567440	19,000000000
0,001567760	20,000000000
0,001568080	23,000000000
0,001568400	24,000000000
0,001568720	24,000000000
0,001569040	26,000000000
0,001569360	29,000000000
0,001569680	28,000000000
0,001570000	25,000000000
0,001570320	23,000000000
0,001570640	18,000000000
0,001570960	19,000000000
0,001571280	20,000000000
0,001571600	16,000000000
0,001571920	15,000000000
0,001572240	15,000000000
0,001572560	15,000000000
0,001572880	13,000000000
0,001573200	13,000000000
0,001573520	12,000000000
0,001573840	13,000000000
0,001574160	12,000000000
0,001574480	13,000000000
0,001574800	12,000000000
0,001575120	12,000000000
0,001575440	11,000000000
0,001575760	10,000000000
0,001576080	10,000000000
0,001576400	8,000000000
0,001576720	10,000000000
0,001577040	12,000000000
0,001577360	13,000000000
0,001577680	15,000000000
0,001578000	14,000000000
0,001578320	10,000000000
0,001578640	10,000000000
0,001578960	10,000000000
0,001579280	12,000000000
0,001579600	13,000000000
0,001579920	13,000000000
0,001580240	12,000000000
0,001580560	15,000000000
0,001580880	15,000000000
0,001581200	17,000000000
0,001581520	18,000000000
0,001581840	18,000000000
0,001582160	15,000000000
0,001582480	15,000000000
0,001582800	14,000000000
0,001583120	11,000000000
0,001583440	10,000000000
0,001583760	10,000000000
0,001584080	11,000000000
0,001584400	10,000000000
0,001584720	13,000000000
0,001585040	13,000000000
0,001585360	9,000000000
0,001585680	8,000000000
0,001586000	10,000000000
0,001586320	13,000000000
0,001586640	13,000000000
0,001586960	14,000000000
0,001587280	13,000000000
0,001587600	11,000000000
0,001587920	14,000000000
0,001588240	15,000000000
0,001588560	17,000000000
0,001588880	20,000000000
0,001589200	20,000000000
0,001589520	23,000000000
0,001589840	24,000000000
0,001590160	27,000000000
0,001590480	28,000000000
0,001590800	26,000000000
0,001591120	26,000000000
0,001591440	24,000000000
0,001591760	22,000000000
0,001592080	22,000000000
0,001592400	22,000000000
0,001592720	19,000000000
0,001593040	19,000000000
0,001593360	17,000000000
0,001593680	16,000000000
0,001594000	14,000000000
0,001594320	13,000000000
0,001594640	12,000000000
0,001594960	12,000000000
0,001595280	11,000000000
0,001595600	11,000000000
0,001595920	11,000000000
0,001596240	11,000000000
0,001596560	12,000000000
0,001596880	12,000000000
0,001597200	11,000000000
0,001597520	10,000000000
0,001597840	9,000000000
0,001598160	9,000000000
0,001598480	9,000000000
0,001598800	9,000000000
0,001599120	9,000000000
0,001599440	9,000000000
0,001599760	9,000000000
0,001600080	10,000000000
0,001600400	11,000000000
0,001600720	11,000000000
0,001601040	10,000000000
0,001601360	12,000000000
0,001601680	16,000000000
0,001602000	19,000000000
0,001602320	19,000000000
0,001602640	19,000000000
0,001602960	21,000000000
0,001603280	22,000000000
0,001603600	24,000000000
0,001603920	25,000000000
0,001604240	23,000000000
0,001604560	21,000000000
0,001604880	22,000000000
0,001605200	23,000000000
0,001605520	23,000000000
0,001605840	20,000000000
0,001606160	21,000000000
0,001606480	22,000000000
0,001606800	25,000000000
0,001607120	25,000000000
0,001607440	23,000000000
0,001607760	24,000000000
0,001608080	22,000000000
0,001608400	22,000000000
0,001608720	21,000000000
0,001609040	20,000000000
0,001609360	21,000000000
0,001609680	20,000000000
0,001610000	22,000000000
0,001610320	21,000000000
0,001610640	23,000000000
0,001610960	21,000000000
0,001611280	19,000000000
0,001611600	16,000000000
0,001611920	16,000000000
0,001612240	14,000000000
0,001612560	13,000000000
0,001612880	15,000000000
0,001613200	15,000000000
0,001613520	13,000000000
0,001613840	17,000000000
0,001614160	17,000000000
0,001614480	17,000000000
0,001614800	16,000000000
0,001615120	16,000000000
0,001615440	13,000000000
0,001615760	12,000000000
0,001616080	12,000000000
0,001616400	14,000000000
0,001616720	14,000000000
0,001617040	15,000000000
0,001617360	15,000000000
0,001617680	16,000000000
0,001618000	14,000000000
0,001618320	14,000000000
0,001618640	12,000000000
0,001618960	12,000000000
0,001619280	12,000000000
0,001619600	14,000000000
0,001619920	13,000000000
0,001620240	15,000000000
0,001620560	15,000000000
0,001620880	16,000000000
0,001621200	15,000000000
0,001621520	13,000000000
0,001621840	12,000000000
0,001622160	12,000000000
0,001622480	12,000000000
0,001622800	12,000000000
0,001623120	14,000000000
0,001623440	12,000000000
0,001623760	13,000000000
0,001624080	12,000000000
0,001624400	14,000000000
0,001624720	15,000000000
0,001625040	16,000000000
0,001625360	17,000000000
0,001625680	18,000000000
0,001626000	20,000000000
0,001626320	20,000000000
0,001626640	19,000000000
0,001626960	17,000000000
0,001627280	16,000000000
0,001627600	16,000000000
0,001627920	17,000000000
0,001628240	19,000000000
0,001628560	17,000000000
0,001628880	16,000000000
0,001629200	17,000000000
0,001629520	17,000000000
0,001629840	16,000000000
0,001630160	13,000000000
0,001630480	16,000000000
0,001630800	19,000000000
0,001631120	19,000000000
0,001631440	19,000000000
0,001631760	19,000000000
0,001632080	19,000000000
0,001632400	17,000000000
0,001632720	19,000000000
0,001633040	19,000000000
0,001633360	18,000000000
0,001633680	19,000000000
0,001634000	18,000000000
0,001634320	16,000000000
0,001634640	17,000000000
0,001634960	17,000000000
0,001635280	18,000000000
0,001635600	16,000000000
0,001635920	17,000000000
0,001636240	17,000000000
0,001636560	17,000000000
0,001636880	16,000000000
0,001637200	16,000000000
0,001637520	17,000000000
0,001637840	17,000000000
0,001638160	14,000000000
0,001638480	15,000000000
0,001638800	17,000000000
0,001639120	18,000000000
0,001639440	19,000000000
0,001639760	19,000000000
0,001640080	20,000000000
0,001640400	22,000000000
0,001640720	21,000000000
0,001641040	20,000000000
0,001641360	20,000000000
0,001641680	19,000000000
0,001642000	18,000000000
0,001642320	16,000000000
0,001642640	18,000000000
0,001642960	18,000000000
0,001643280	18,000000000
0,001643600	17,000000000
0,001643920	14,000000000
0,001644240	15,000000000
0,001644560	14,000000000
0,001644880	15,000000000
0,001645200	15,000000000
0,001645520	13,000000000
0,001645840	16,000000000
0,001646160	17,000000000
0,001646480	17,000000000
0,001646800	10,000000000
0,001647120	11,000000000
0,001647440	10,000000000
0,001647760	10,000000000
0,001648080	10,000000000
0,001648400	11,000000000
0,001648720	13,000000000
0,001649040	12,000000000
0,001649360	12,000000000
0,001649680	12,000000000
0,001650000	11,000000000
0,001650320	13,000000000
0,001650640	11,000000000
0,001650960	10,000000000
0,001651280	10,000000000
0,001651600	12,000000000
0,001651920	12,000000000
0,001652240	10,000000000
0,001652560	11,000000000
0,001652880	13,000000000
0,001653200	11,000000000
0,001653520	11,000000000
0,001653840	11,000000000
0,001654160	9,000000000
0,001654480	9,000000000
0,001654800	11,000000000
0,001655120	11,000000000
0,001655440	12,000000000
0,001655760	11,000000000
0,001656080	12,000000000
0,001656400	11,000000000
0,001656720	15,000000000
0,001657040	10,000000000
0,001657360	13,000000000
0,001657680	14,000000000
0,001658000	13,000000000
0,001658320	14,000000000
0,001658640	15,000000000
0,001658960	14,000000000
0,001659280	13,000000000
0,001659600	12,000000000
0,001659920	12,000000000
0,001660240	10,000000000
0,001660560	9,000000000
0,001660880	7,000000000
0,001661200	10,000000000
0,001661520	11,000000000
0,001661840	11,000000000
0,001662160	11,000000000
0,001662480	13,000000000
0,001662800	13,000000000
0,001663120	14,000000000
0,001663440	13,000000000
0,001663760	16,000000000
0,001664080	15,000000000
0,001664400	16,000000000
0,001664720	15,000000000
0,001665040	15,000000000
0,001665360	15,000000000
0,001665680	15,000000000
0,001666000	15,000000000
0,001666320	17,000000000
0,001666640	16,000000000
0,001666960	18,000000000
0,001667280	18,000000000
0,001667600	15,000000000
0,001667920	14,000000000
0,001668240	14,000000000
0,001668560	14,000000000
0,001668880	11,000000000
0,001669200	11,000000000
0,001669520	9,000000000
0,001669840	11,000000000
0,001670160	12,000000000
0,001670480	13,000000000
0,001670800	13,000000000
0,001671120	13,000000000
0,001671440	12,000000000
0,001671760	12,000000000
0,001672080	11,000000000
0,001672400	13,000000000
0,001672720	16,000000000
0,001673040	16,000000000
0,001673360	16,000000000
0,001673680	17,000000000
0,001674000	16,000000000
0,001674320	15,000000000
0,001674640	14,000000000
0,001674960	16,000000000
0,001675280	15,000000000
0,001675600	19,000000000
0,001675920	15,000000000
0,001676240	15,000000000
0,001676560	14,000000000
0,001676880	14,000000000
0,001677200	17,000000000
0,001677520	16,000000000
0,001677840	15,000000000
0,001678160	16,000000000
0,001678480	19,000000000
0,001678800	21,000000000
0,001679120	22,000000000
0,001679440	23,000000000
0,001679760	21,000000000
0,001680080	22,000000000
0,001680400	19,000000000
0,001680720	19,000000000
0,001681040	16,000000000
0,001681360	16,000000000
0,001681680	15,000000000
0,001682000	14,000000000
0,001682320	10,000000000
0,001682640	13,000000000
0,001682960	13,000000000
0,001683280	11,000000000
0,001683600	9,000000000
0,001683920	8,000000000
0,001684240	10,000000000
0,001684560	9,000000000
0,001684880	10,000000000
0,001685200	10,000000000
0,001685520	9,000000000
0,001685840	11,000000000
0,001686160	13,000000000
0,001686480	13,000000000
0,001686800	14,000000000
0,001687120	17,000000000
0,001687440	19,000000000
0,001687760	17,000000000
0,001688080	18,000000000
0,001688400	16,000000000
0,001688720	16,000000000
0,001689040	16,000000000
0,001689360	17,000000000
0,001689680	17,000000000
0,001690000	16,000000000
0,001690320	14,000000000
0,001690640	12,000000000
0,001690960	14,000000000
0,001691280	13,000000000
0,001691600	13,000000000
0,001691920	14,000000000
0,001692240	13,000000000
0,001692560	14,000000000
0,001692880	13,000000000
0,001693200	9,000000000
0,001693520	8,000000000
0,001693840	8,000000000
0,001694160	9,000000000
0,001694480	6,000000000
0,001694800	10,000000000
0,001695120	11,000000000
0,001695440	12,000000000
0,001695760	14,000000000
0,001696080	14,000000000
0,001696400	15,000000000
0,001696720	13,000000000
0,001697040	12,000000000
0,001697360	14,000000000
0,001697680	15,000000000
0,001698000	12,000000000
0,001698320	13,000000000
0,001698640	14,000000000
0,001698960	14,000000000
0,001699280	15,000000000
0,001699600	16,000000000
0,001699920	18,000000000
0,001700240	18,000000000
0,001700560	18,000000000
0,001700880	17,000000000
0,001701200	17,000000000
0,001701520	18,000000000
0,001701840	20,000000000
0,001702160	19,000000000
0,001702480	16,000000000
0,001702800	18,000000000
0,001703120	17,000000000
0,001703440	17,000000000
0,001703760	19,000000000
0,001704080	16,000000000
0,001704400	16,000000000
0,001704720	17,000000000
0,001705040	17,000000000
0,001705360	16,000000000
0,001705680	14,000000000
0,001706000	17,000000000
0,001706320	18,000000000
0,001706640	17,000000000
0,001706960	16,000000000
0,001707280	18,000000000
0,001707600	14,000000000
0,001707920	14,000000000
0,001708240	14,000000000
0,001708560	12,000000000
0,001708880	11,000000000
0,001709200	12,000000000
0,001709520	14,000000000
0,001709840	13,000000000
0,001710160	12,000000000
0,001710480	15,000000000
0,001710800	15,000000000
0,001711120	17,000000000
0,001711440	19,000000000
0,001711760	20,000000000
0,001712080	21,000000000
0,001712400	21,000000000
0,001712720	22,000000000
0,001713040	20,000000000
0,001713360	21,000000000
0,001713680	23,000000000
0,001714000	23,000000000
0,001714320	23,000000000
0,001714640	27,000000000
0,001714960	27,000000000
0,001715280	25,000000000
0,001715600	25,000000000
0,001715920	24,000000000
0,001716240	23,000000000
0,001716560	23,000000000
0,001716880	19,000000000
0,001717200	17,000000000
0,001717520	19,000000000
0,001717840	20,000000000
0,001718160	18,000000000
0,001718480	18,000000000
0,001718800	18,000000000
0,001719120	15,000000000
0,001719440	18,000000000
0,001719760	15,000000000
0,001720080	19,000000000
0,001720400	17,000000000
0,001720720	22,000000000
0,001721040	23,000000000
0,001721360	20,000000000
0,001721680	19,000000000
0,001722000	21,000000000
0,001722320	21,000000000
0,001722640	22,000000000
0,001722960	18,000000000
0,001723280	18,000000000
0,001723600	16,000000000
0,001723920	19,000000000
0,001724240	19,000000000
0,001724560	19,000000000
0,001724880	19,000000000
0,001725200	18,000000000
0,001725520	19,000000000
0,001725840	18,000000000
0,001726160	17,000000000
0,001726480	16,000000000
0,001726800	16,000000000
0,001727120	15,000000000
0,001727440	17,000000000
0,001727760	16,000000000
0,001728080	14,000000000
0,001728400	11,000000000
0,001728720	11,000000000
0,001729040	11,000000000
0,001729360	9,000000000
0,001729680	11,000000000
0,001730000	9,000000000
0,001730320	10,000000000
0,001730640	10,000000000
0,001730960	14,000000000
0,001731280	13,000000000
0,001731600	14,000000000
0,001731920	14,000000000
0,001732240	14,000000000
0,001732560	14,000000000
0,001732880	11,000000000
0,001733200	13,000000000
0,001733520	15,000000000
0,001733840	18,000000000
0,001734160	16,000000000
0,001734480	17,000000000
0,001734800	16,000000000
0,001735120	16,000000000
0,001735440	15,000000000
0,001735760	16,000000000
0,001736080	18,000000000
0,001736400	17,000000000
0,001736720	16,000000000
0,001737040	14,000000000
0,001737360	16,000000000
0,001737680	13,000000000
0,001738000	12,000000000
0,001738320	12,000000000
0,001738640	16,000000000
0,001738960	13,000000000
0,001739280	12,000000000
0,001739600	14,000000000
0,001739920	15,000000000
0,001740240	16,000000000
0,001740560	13,000000000
0,001740880	15,000000000
0,001741200	14,000000000
0,001741520	14,000000000
0,001741840	12,000000000
0,001742160	13,000000000
0,001742480	18,000000000
0,001742800	18,000000000
0,001743120	17,000000000
0,001743440	15,000000000
0,001743760	15,000000000
0,001744080	14,000000000
0,001744400	11,000000000
0,001744720	15,000000000
0,001745040	15,000000000
0,001745360	17,000000000
0,001745680	16,000000000
0,001746000	16,000000000
0,001746320	15,000000000
0,001746640	16,000000000
0,001746960	16,000000000
0,001747280	17,000000000
0,001747600	17,000000000
0,001747920	14,000000000
0,001748240	17,000000000
0,001748560	18,000000000
0,001748880	15,000000000
0,001749200	15,000000000
0,001749520	16,000000000
0,001749840	15,000000000
0,001750160	16,000000000
0,001750480	17,000000000
0,001750800	14,000000000
0,001751120	15,000000000
0,001751440	13,000000000
0,001751760	13,000000000
0,001752080	15,000000000
0,001752400	13,000000000
0,001752720	14,000000000
0,001753040	13,000000000
0,001753360	13,000000000
0,001753680	11,000000000
0,001754000	12,000000000
0,001754320	12,000000000
0,001754640	12,000000000
0,001754960	12,000000000
0,001755280	12,000000000
0,001755600	12,000000000
0,001755920	11,000000000
0,001756240	11,000000000
0,001756560	12,000000000
0,001756880	9,000000000
0,001757200	9,000000000
0,001757520	10,000000000
0,001757840	13,000000000
0,001758160	15,000000000
0,001758480	18,000000000
0,001758800	18,000000000
0,001759120	18,000000000
0,001759440	19,000000000
0,001759760	20,000000000
0,001760080	19,000000000
0,001760400	19,000000000
0,001760720	19,000000000
0,001761040	16,000000000
0,001761360	15,000000000
0,001761680	15,000000000
0,001762000	14,000000000
0,001762320	13,000000000
0,001762640	13,000000000
0,001762960	15,000000000
0,001763280	16,000000000
0,001763600	13,000000000
0,001763920	17,000000000
0,001764240	12,000000000
0,001764560	10,000000000
0,001764880	10,000000000
0,001765200	11,000000000
0,001765520	12,000000000
0,001765840	16,000000000
0,001766160	17,000000000
0,001766480	23,000000000
0,001766800	24,000000000
0,001767120	23,000000000
0,001767440	25,000000000
0,001767760	24,000000000
0,001768080	24,000000000
0,001768400	22,000000000
0,001768720	23,000000000
0,001769040	23,000000000
0,001769360	22,000000000
0,001769680	21,000000000
0,001770000	23,000000000
0,001770320	19,000000000
0,001770640	19,000000000
0,001770960	15,000000000
0,001771280	15,000000000
0,001771600	14,000000000
0,001771920	14,000000000
0,001772240	14,000000000
0,001772560	14,000000000
0,001772880	11,000000000
0,001773200	12,000000000
0,001773520	12,000000000
0,001773840	13,000000000
0,001774160	14,000000000
0,001774480	13,000000000
0,001774800	14,000000000
0,001775120	12,000000000
0,001775440	15,000000000
0,001775760	14,000000000
0,001776080	11,000000000
0,001776400	12,000000000
0,001776720	11,000000000
0,001777040	10,000000000
0,001777360	9,000000000
0,001777680	11,000000000
0,001778000	9,000000000
0,001778320	10,000000000
0,001778640	12,000000000
0,001778960	12,000000000
0,001779280	10,000000000
0,001779600	10,000000000
0,001779920	10,000000000
0,001780240	12,000000000
0,001780560	12,000000000
0,001780880	16,000000000
0,001781200	17,000000000
0,001781520	19,000000000
0,001781840	17,000000000
0,001782160	18,000000000
0,001782480	21,000000000
0,001782800	21,000000000
0,001783120	21,000000000
0,001783440	21,000000000
0,001783760	21,000000000
0,001784080	19,000000000
0,001784400	18,000000000
0,001784720	16,000000000
0,001785040	15,000000000
0,001785360	16,000000000
0,001785680	17,000000000
0,001786000	17,000000000
0,001786320	16,000000000
0,001786640	13,000000000
0,001786960	13,000000000
0,001787280	15,000000000
0,001787600	17,000000000
0,001787920	18,000000000
0,001788240	17,000000000
0,001788560	17,000000000
0,001788880	19,000000000
0,001789200	22,000000000
0,001789520	22,000000000
0,001789840	20,000000000
0,001790160	21,000000000
0,001790480	19,000000000
0,001790800	18,000000000
0,001791120	17,000000000
0,001791440	16,000000000
0,001791760	15,000000000
0,001792080	13,000000000
0,001792400	13,000000000
0,001792720	14,000000000
0,001793040	12,000000000
0,001793360	14,000000000
0,001793680	14,000000000
0,001794000	15,000000000
0,001794320	16,000000000
0,001794640	16,000000000
0,001794960	17,000000000
0,001795280	15,000000000
0,001795600	12,000000000
0,001795920	11,000000000
0,001796240	11,000000000
0,001796560	13,000000000
0,001796880	13,000000000
0,001797200	11,000000000
0,001797520	9,000000000
0,001797840	9,000000000
0,001798160	9,000000000
0,001798480	8,000000000
0,001798800	11,000000000
0,001799120	10,000000000
0,001799440	14,000000000
0,001799760	15,000000000
0,001800080	16,000000000
0,001800400	16,000000000
0,001800720	15,000000000
0,001801040	16,000000000
0,001801360	17,000000000
0,001801680	17,000000000
0,001802000	16,000000000
0,001802320	16,000000000
0,001802640	19,000000000
0,001802960	19,000000000
0,001803280	18,000000000
0,001803600	18,000000000
0,001803920	18,000000000
0,001804240	15,000000000
0,001804560	12,000000000
0,001804880	12,000000000
0,001805200	12,000000000
0,001805520	12,000000000
0,001805840	13,000000000
0,001806160	12,000000000
0,001806480	15,000000000
0,001806800	13,000000000
0,001807120	13,000000000
0,001807440	12,000000000
0,001807760	12,000000000
0,001808080	14,000000000
0,001808400	19,000000000
0,001808720	20,000000000
0,001809040	18,000000000
0,001809360	17,000000000
0,001809680	17,000000000
0,001810000	21,000000000
0,001810320	22,000000000
0,001810640	19,000000000
0,001810960	19,000000000
0,001811280	20,000000000
0,001811600	22,000000000
0,001811920	21,000000000
0,001812240	20,000000000
0,001812560	20,000000000
0,001812880	23,000000000
0,001813200	24,000000000
0,001813520	23,000000000
0,001813840	16,000000000
0,001814160	16,000000000
0,001814480	15,000000000
0,001814800	15,000000000
0,001815120	20,000000000
0,001815440	21,000000000
0,001815760	21,000000000
0,001816080	26,000000000
0,001816400	28,000000000
0,001816720	23,000000000
0,001817040	21,000000000
0,001817360	19,000000000
0,001817680	18,000000000
0,001818000	16,000000000
0,001818320	15,000000000
0,001818640	12,000000000
0,001818960	16,000000000
0,001819280	15,000000000
0,001819600	14,000000000
0,001819920	12,000000000
0,001820240	11,000000000
0,001820560	10,000000000
0,001820880	8,000000000
0,001821200	8,000000000
0,001821520	8,000000000
0,001821840	8,000000000
0,001822160	7,000000000
0,001822480	7,000000000
0,001822800	7,000000000
0,001823120	9,000000000
0,001823440	11,000000000
0,001823760	11,000000000
0,001824080	14,000000000
0,001824400	16,000000000
0,001824720	16,000000000
0,001825040	18,000000000
0,001825360	18,000000000
0,001825680	18,000000000
0,001826000	18,000000000
0,001826320	18,000000000
0,001826640	16,000000000
0,001826960	19,000000000
0,001827280	16,000000000
0,001827600	15,000000000
0,001827920	17,000000000
0,001828240	14,000000000
0,001828560	15,000000000
0,001828880	14,000000000
0,001829200	16,000000000
0,001829520	17,000000000
0,001829840	16,000000000
0,001830160	16,000000000
0,001830480	14,000000000
0,001830800	14,000000000
0,001831120	13,000000000
0,001831440	13,000000000
0,001831760	15,000000000
0,001832080	15,000000000
0,001832400	13,000000000
0,001832720	13,000000000
0,001833040	12,000000000
0,001833360	16,000000000
0,001833680	17,000000000
0,001834000	18,000000000
0,001834320	19,000000000
0,001834640	19,000000000
0,001834960	20,000000000
0,001835280	21,000000000
0,001835600	21,000000000
0,001835920	20,000000000
0,001836240	21,000000000
0,001836560	21,000000000
0,001836880	20,000000000
0,001837200	18,000000000
0,001837520	17,000000000
0,001837840	21,000000000
0,001838160	20,000000000
0,001838480	17,000000000
0,001838800	17,000000000
0,001839120	16,000000000
0,001839440	17,000000000
0,001839760	15,000000000
0,001840080	17,000000000
0,001840400	17,000000000
0,001840720	16,000000000
0,001841040	17,000000000
0,001841360	16,000000000
0,001841680	15,000000000
0,001842000	13,000000000
0,001842320	12,000000000
0,001842640	12,000000000
0,001842960	11,000000000
0,001843280	12,000000000
0,001843600	12,000000000
0,001843920	11,000000000
0,001844240	12,000000000
0,001844560	14,000000000
0,001844880	10,000000000
0,001845200	9,000000000
0,001845520	6,000000000
0,001845840	10,000000000
0,001846160	11,000000000
0,001846480	11,000000000
0,001846800	12,000000000
0,001847120	12,000000000
0,001847440	12,000000000
0,001847760	11,000000000
0,001848080	10,000000000
0,001848400	12,000000000
0,001848720	10,000000000
0,001849040	10,000000000
0,001849360	10,000000000
0,001849680	11,000000000
0,001850000	12,000000000
0,001850320	15,000000000
0,001850640	17,000000000
0,001850960	18,000000000
0,001851280	19,000000000
0,001851600	18,000000000
0,001851920	16,000000000
0,001852240	15,000000000
0,001852560	15,000000000
0,001852880	14,000000000
0,001853200	16,000000000
0,001853520	14,000000000
0,001853840	14,000000000
0,001854160	15,000000000
0,001854480	14,000000000
0,001854800	13,000000000
0,001855120	12,000000000
0,001855440	12,000000000
0,001855760	15,000000000
0,001856080	14,000000000
0,001856400	11,000000000
0,001856720	11,000000000
0,001857040	9,000000000
0,001857360	12,000000000
0,001857680	11,000000000
0,001858000	11,000000000
0,001858320	11,000000000
0,001858640	12,000000000
0,001858960	14,000000000
0,001859280	15,000000000
0,001859600	16,000000000
0,001859920	15,000000000
0,001860240	14,000000000
0,001860560	16,000000000
0,001860880	15,000000000
0,001861200	14,000000000
0,001861520	14,000000000
0,001861840	14,000000000
0,001862160	15,000000000
0,001862480	16,000000000
0,001862800	12,000000000
0,001863120	13,000000000
0,001863440	13,000000000
0,001863760	12,000000000
0,001864080	13,000000000
0,001864400	14,000000000
0,001864720	16,000000000
0,001865040	16,000000000
0,001865360	14,000000000
0,001865680	17,000000000
0,001866000	17,000000000
0,001866320	18,000000000
0,001866640	16,000000000
0,001866960	17,000000000
0,001867280	21,000000000
0,001867600	23,000000000
0,001867920	21,000000000
0,001868240	20,000000000
0,001868560	21,000000000
0,001868880	17,000000000
0,001869200	18,000000000
0,001869520	17,000000000
0,001869840	18,000000000
0,001870160	16,000000000
0,001870480	17,000000000
0,001870800	15,000000000
0,001871120	15,000000000
0,001871440	16,000000000
0,001871760	18,000000000
0,001872080	19,000000000
0,001872400	19,000000000
0,001872720	18,000000000
0,001873040	18,000000000
0,001873360	19,000000000
0,001873680	20,000000000
0,001874000	20,000000000
0,001874320	19,000000000
0,001874640	19,000000000
0,001874960	19,000000000
0,001875280	21,000000000
0,001875600	20,000000000
0,001875920	20,000000000
0,001876240	18,000000000
0,001876560	17,000000000
0,001876880	17,000000000
0,001877200	19,000000000
0,001877520	19,000000000
0,001877840	20,000000000
0,001878160	20,000000000
0,001878480	16,000000000
0,001878800	15,000000000
0,001879120	16,000000000
0,001879440	15,000000000
0,001879760	16,000000000
0,001880080	16,000000000
0,001880400	18,000000000
0,001880720	18,000000000
0,001881040	17,000000000
0,001881360	17,000000000
0,001881680	18,000000000
0,001882000	20,000000000
0,001882320	21,000000000
0,001882640	22,000000000
0,001882960	22,000000000
0,001883280	23,000000000
0,001883600	22,000000000
0,001883920	22,000000000
0,001884240	22,000000000
0,001884560	21,000000000
0,001884880	21,000000000
0,001885200	18,000000000
0,001885520	17,000000000
0,001885840	16,000000000
0,001886160	13,000000000
0,001886480	13,000000000
0,001886800	12,000000000
0,001887120	11,000000000
0,001887440	10,000000000
0,001887760	10,000000000
0,001888080	14,000000000
0,001888400	17,000000000
0,001888720	18,000000000
0,001889040	20,000000000
0,001889360	20,000000000
0,001889680	18,000000000
0,001890000	19,000000000
0,001890320	16,000000000
0,001890640	17,000000000
0,001890960	18,000000000
0,001891280	19,000000000
0,001891600	23,000000000
0,001891920	21,000000000
0,001892240	20,000000000
0,001892560	17,000000000
0,001892880	18,000000000
0,001893200	21,000000000
0,001893520	22,000000000
0,001893840	21,000000000
0,001894160	20,000000000
0,001894480	16,000000000
0,001894800	16,000000000
0,001895120	15,000000000
0,001895440	15,000000000
0,001895760	16,000000000
0,001896080	19,000000000
0,001896400	19,000000000
0,001896720	18,000000000
0,001897040	19,000000000
0,001897360	19,000000000
0,001897680	19,000000000
0,001898000	18,000000000
0,001898320	15,000000000
0,001898640	11,000000000
0,001898960	9,000000000
0,001899280	12,000000000
0,001899600	10,000000000
0,001899920	11,000000000
0,001900240	8,000000000
0,001900560	8,000000000
0,001900880	8,000000000
0,001901200	9,000000000
0,001901520	9,000000000
0,001901840	13,000000000
0,001902160	12,000000000
0,001902480	12,000000000
0,001902800	12,000000000
0,001903120	12,000000000
0,001903440	12,000000000
0,001903760	11,000000000
0,001904080	12,000000000
0,001904400	12,000000000
0,001904720	14,000000000
0,001905040	12,000000000
0,001905360	13,000000000
0,001905680	14,000000000
0,001906000	16,000000000
0,001906320	17,000000000
0,001906640	17,000000000
0,001906960	18,000000000
0,001907280	17,000000000
0,001907600	19,000000000
0,001907920	20,000000000
0,001908240	17,000000000
0,001908560	16,000000000
0,001908880	17,000000000
0,001909200	16,000000000
0,001909520	15,000000000
0,001909840	16,000000000
0,001910160	14,000000000
0,001910480	15,000000000
0,001910800	16,000000000
0,001911120	16,000000000
0,001911440	17,000000000
0,001911760	15,000000000
0,001912080	12,000000000
0,001912400	14,000000000
0,001912720	16,000000000
0,001913040	14,000000000
0,001913360	13,000000000
0,001913680	12,000000000
0,001914000	13,000000000
0,001914320	14,000000000
0,001914640	15,000000000
0,001914960	15,000000000
0,001915280	15,000000000
0,001915600	13,000000000
0,001915920	12,000000000
0,001916240	12,000000000
0,001916560	12,000000000
0,001916880	12,000000000
0,001917200	10,000000000
0,001917520	11,000000000
0,001917840	10,000000000
0,001918160	11,000000000
0,001918480	11,000000000
0,001918800	11,000000000
0,001919120	11,000000000
0,001919440	11,000000000
0,001919760	11,000000000
0,001920080	10,000000000
0,001920400	9,000000000
0,001920720	10,000000000
0,001921040	9,000000000
0,001921360	8,000000000
0,001921680	8,000000000
0,001922000	10,000000000
0,001922320	13,000000000
0,001922640	14,000000000
0,001922960	13,000000000
0,001923280	14,000000000
0,001923600	14,000000000
0,001923920	16,000000000
0,001924240	15,000000000
0,001924560	16,000000000
0,001924880	17,000000000
0,001925200	19,000000000
0,001925520	18,000000000
0,001925840	16,000000000
0,001926160	19,000000000
0,001926480	21,000000000
0,001926800	20,000000000
0,001927120	22,000000000
0,001927440	20,000000000
0,001927760	18,000000000
0,001928080	18,000000000
0,001928400	18,000000000
0,001928720	20,000000000
0,001929040	15,000000000
0,001929360	19,000000000
0,001929680	20,000000000
0,001930000	20,000000000
0,001930320	17,000000000
0,001930640	16,000000000
0,001930960	15,000000000
0,001931280	15,000000000
0,001931600	14,000000000
0,001931920	12,000000000
0,001932240	16,000000000
0,001932560	16,000000000
0,001932880	17,000000000
0,001933200	16,000000000
0,001933520	18,000000000
0,001933840	16,000000000
0,001934160	18,000000000
0,001934480	13,000000000
0,001934800	12,000000000
0,001935120	15,000000000
0,001935440	13,000000000
0,001935760	15,000000000
0,001936080	16,000000000
0,001936400	15,000000000
0,001936720	14,000000000
0,001937040	15,000000000
0,001937360	16,000000000
0,001937680	16,000000000
0,001938000	13,000000000
0,001938320	15,000000000
0,001938640	17,000000000
0,001938960	16,000000000
0,001939280	17,000000000
0,001939600	18,000000000
0,001939920	18,000000000
0,001940240	19,000000000
0,001940560	19,000000000
0,001940880	15,000000000
0,001941200	16,000000000
0,001941520	14,000000000
0,001941840	11,000000000
0,001942160	13,000000000
0,001942480	12,000000000
0,001942800	14,000000000
0,001943120	14,000000000
0,001943440	15,000000000
0,001943760	18,000000000
0,001944080	19,000000000
0,001944400	16,000000000
0,001944720	15,000000000
0,001945040	16,000000000
0,001945360	16,000000000
0,001945680	15,000000000
0,001946000	12,000000000
0,001946320	12,000000000
0,001946640	14,000000000
0,001946960	11,000000000
0,001947280	12,000000000
0,001947600	12,000000000
0,001947920	10,000000000
0,001948240	13,000000000
0,001948560	13,000000000
0,001948880	11,000000000
0,001949200	11,000000000
0,001949520	10,000000000
0,001949840	9,000000000
0,001950160	8,000000000
0,001950480	8,000000000
0,001950800	7,000000000
0,001951120	7,000000000
0,001951440	6,000000000
0,001951760	8,000000000
0,001952080	8,000000000
0,001952400	9,000000000
0,001952720	10,000000000
0,001953040	9,000000000
0,001953360	9,000000000
0,001953680	11,000000000
0,001954000	11,000000000
0,001954320	10,000000000
0,001954640	11,000000000
0,001954960	13,000000000
0,001955280	12,000000000
0,001955600	17,000000000
0,001955920	16,000000000
0,001956240	15,000000000
0,001956560	16,000000000
0,001956880	16,000000000
0,001957200	17,000000000
0,001957520	17,000000000
0,001957840	18,000000000
0,001958160	17,000000000
0,001958480	15,000000000
0,001958800	16,000000000
0,001959120	14,000000000
0,001959440	13,000000000
0,001959760	14,000000000
0,001960080	14,000000000
0,001960400	16,000000000
0,001960720	18,000000000
0,001961040	18,000000000
0,001961360	19,000000000
0,001961680	16,000000000
0,001962000	19,000000000
0,001962320	15,000000000
0,001962640	12,000000000
0,001962960	12,000000000
0,001963280	10,000000000
0,001963600	11,000000000
0,001963920	12,000000000
0,001964240	11,000000000
0,001964560	10,000000000
0,001964880	10,000000000
0,001965200	10,000000000
0,001965520	11,000000000
0,001965840	12,000000000
0,001966160	11,000000000
0,001966480	11,000000000
0,001966800	15,000000000
0,001967120	13,000000000
0,001967440	12,000000000
0,001967760	11,000000000
0,001968080	13,000000000
0,001968400	14,000000000
0,001968720	16,000000000
0,001969040	18,000000000
0,001969360	14,000000000
0,001969680	14,000000000
0,001970000	14,000000000
0,001970320	15,000000000
0,001970640	14,000000000
0,001970960	13,000000000
0,001971280	11,000000000
0,001971600	12,000000000
0,001971920	12,000000000
0,001972240	12,000000000
0,001972560	11,000000000
0,001972880	10,000000000
0,001973200	10,000000000
0,001973520	10,000000000
0,001973840	9,000000000
0,001974160	10,000000000
0,001974480	11,000000000
0,001974800	9,000000000
0,001975120	9,000000000
0,001975440	9,000000000
0,001975760	9,000000000
0,001976080	9,000000000
0,001976400	11,000000000
0,001976720	10,000000000
0,001977040	12,000000000
0,001977360	12,000000000
0,001977680	13,000000000
0,001978000	13,000000000
0,001978320	11,000000000
0,001978640	9,000000000
0,001978960	9,000000000
0,001979280	10,000000000
0,001979600	11,000000000
0,001979920	14,000000000
0,001980240	14,000000000
0,001980560	14,000000000
0,001980880	13,000000000
0,001981200	14,000000000
0,001981520	13,000000000
0,001981840	11,000000000
0,001982160	10,000000000
0,001982480	11,000000000
0,001982800	10,000000000
0,001983120	10,000000000
0,001983440	10,000000000
0,001983760	11,000000000
0,001984080	12,000000000
0,001984400	12,000000000
0,001984720	13,000000000
0,001985040	12,000000000
0,001985360	14,000000000
0,001985680	14,000000000
0,001986000	15,000000000
0,001986320	17,000000000
0,001986640	18,000000000
0,001986960	18,000000000
0,001987280	15,000000000
0,001987600	15,000000000
0,001987920	14,000000000
0,001988240	12,000000000
0,001988560	14,000000000
0,001988880	14,000000000
0,001989200	17,000000000
0,001989520	17,000000000
0,001989840	18,000000000
0,001990160	17,000000000
0,001990480	18,000000000
0,001990800	18,000000000
0,001991120	17,000000000
0,001991440	17,000000000
0,001991760	18,000000000
0,001992080	19,000000000
0,001992400	20,000000000
0,001992720	20,000000000
0,001993040	21,000000000
0,001993360	20,000000000
0,001993680	19,000000000
0,001994000	19,000000000
0,001994320	11,000000000
0,001994640	10,000000000
0,001994960	9,000000000
0,001995280	10,000000000
0,001995600	10,000000000
0,001995920	11,000000000
0,001996240	12,000000000
0,001996560	13,000000000
0,001996880	13,000000000
0,001997200	10,000000000
0,001997520	10,000000000
0,001997840	9,000000000
0,001998160	10,000000000
0,001998480	11,000000000
0,001998800	11,000000000
0,001999120	12,000000000
0,001999440	12,000000000
0,001999760	12,000000000
